81911
141868
528149
113432
671694
330983
250380
945990
498982
134562
610156
296745
228398
31508
896338
480976
1774530
746161
1005133
1630991
1521001
543520
400463
1406071
211520
2015406
484233
1193018
1961947
1193018
262950
320217
1367114
1414146
1717235
1837401
348487
2656873
1590715
1533285
569469
2757451
2617463
993643
2583549
1344873
1154336
906223
1727221
3448582
426040
278607
1486103
969219
1338347
1986852
3496414
1556976
1736849
100506
709483
1434991
1321311
1344221
1344221
2058211
2679458
3230919
2487470
2382865
1096954
528570
1605477
3110173
592196
1377236
3152758
4611598
2039512
1202316
3383054
1784454
2187868
3338647
2124206
4034119
4034119
2730858
4579966
1289328
1326481
3546528
2633878
3563293
3563293
4883060
190566
4086870
4325794
5520300
415331
5576911
1578047
5730760
4032069
1379157
4087834
4908092
1151825
689642
3762529
4510845
1771107
922403
6366297
3893157
1892166
5151824
1196527
2735594
7815683
1052862
7852572
5436184
6420092
5242655
3745900
2082864
5587948
3210843
3499504
6524579
8138490
3503266
2474369
4628204
1063611
2134887
6616289
4883812
8801943
7071681
8192231
8937961
3752577
8145542
9302621
8319539
6121613
1159273
2179352
8357281
3848263
2222520
4809642
2222520
3794916
2290032
5988766
2682828
2375475
3632356
8937695
6528158
10204188
9764149
1963264
8051148
5270336
2529099
803194
8099816
6853016
2491684
4352506
414492
5608132
1533092
925340
1347757
1347757
5413397
8320136
4073565
10633931
1398718
10669944
8468032
4591962
5026559
7081484
983544
1389866
9596992
5744854
3538838
4107383
3044705
9573586
5680533
1698674
1461094
5824973
2793626
10506674
4410477
1423321
